45811241144524888
82811451155245852
82811451155245522
22811451155221141
55188428822554884
22811451155224151
55188428822554454
22811451155224481
55188428822554544
14588128822441442
45811241144552548
55188428822554154
82811451155224512
82811451155224522
82811451155224582
22811451155222141
22811451155222121
22811451155222551
14588128822445812
22811451155228181
45811241144558218
14588128822445142
14588128822445152
22811451155228241
14588128822445422
45811241144558858
82811451155228882
22811451214588221
22811451212118881
55188428585881114
45811241515118428
22811451212115111
14588128484882112
82811451212115812
14588128484882552
22811451212141841
45811241515121888
55188428585848284
14588128484412142
22811451212245211
82811451212245222
45811241515524588
14588128484412582
55188428585542154
14588128484412522
82811451212245522
14588128484584422
14588128484584512
14588128484584542
45811241515815888
14588128484584282
14588128484584252
82811451212812552
45811241515818158
82811451212818412
14588128484585152
22811451212818241
22811451212818221
14588128484551582
45811241515885258
55188428585115414
45811241515885518
22811451212882281
45811241515885548
55188428585115144
45811241515885858
22811451212882541
14588128484555542
55188428585111284
82811451212888542
45811241515888448
45811241515884158
22811451212885411
14588128484552142
82811451212885452
55188428585112524
45811241515884858
55188428585112124
14588128484552212
82811451212851882
14588128484528522
14588128484528212
14588128484528222
45811241515842118
22811451212854181
14588128484521852
82811451218255142
82811451218255412
82811451218811152
55188428581188414
45811241518811518
22811451218811811
55188428581188114
14588128485588252
22811451218814111
55188428581184484
22811451218814481
45811241518815228
55188428581185554
22811451218548121
22811451218548411
22811451215488451
82811451215488222
82811451215485452
82811451244241842
22811451244244281
82811451244244282
14588128411411422
22811451244244881
14588128411411282
55188428544544214
22811451244242151
14588128411414142
22811451244242481
22811451244242241
14588128411414412
45811241522525588
22811451242155451
14588128414118582
45811241525221828
45811241525221458
22811451242444141
82811451242444582
22811451242442151
45811241525225148
14588128414114112
45811241525225518
82811451242544822
55188428545244284
55188428545245244
14588128414215882
82811451242548422
55188428545241544
82811451242548252
22811451242548821
45811241525428888
22811451242552141
45811241525445148
82811451242552422
45811241525445558
14588128414224582
22811451242552511
14588128414224242
82811451242558112
45811241525448188
55188428545222854
82811451242555422
82811451242555212
22811451242555221
45811241525444548
55188428545222284
55188428545222214
14588128414222222
14588128415888822
82811451248114122
14588128415881852
14588128415881122
82811451248114282
82811451248114882
55188428558241854
45811241551428188
45811241551428228
45811241552142818
45811241552142828
22811451224154851
82811451224152112
82811451224245422
14588128441448142
45811241552551588
22811451224224421
55188428554554544
82811451224222822
45811241552554518
82811451224281182
82811451224281282
45811241552585518
82811451224844182
14588128441511142
45811241552822828
45811241552825848
14588128441514242
22811451224848411
45811241552854248
82811451224825552
14588128441551212
82811451224882182
14588128441251122
45811241552482858
22811451224588151
82811451224588222
22811451224585821
14588128441228282
45811241552442448
45811241552445558
14588128441224212
55188428554222844
55188428554222524
22811451224555581
14588128444881822
55188428555885244
22811451222118451
55188428555848854
45811241555121528
22811451222141541
82811451222144552
55188428555841814
22811451222154881
82811451222152152
45811241555148248
82811451222158552
82811451222155412
55188428555822554
55188428552521554
14588128442422122
82811451225812252
14588128442585582
45811241554818448
82811451225815182
45811241554814558
55188428552148514
22811451225821481
22811451225821211
82811451225821282
45811241554851548
82811451225858552
82811451225855122
82811451225855412
82811451225855482
22811451225855221
22811451225855841
45811241554844888
45811241554844428
82811451225855552
22811451225511141
22811451225511151
55188428552284844
45811241554412148
14588128442281142
14588128442281482
82811451225518482
45811241554418528
14588128442285422
82811451225518882
55188428552281244
22811451225515121
55188428552248814
45811241554421228
55188428552248184
45811241554421428
14588128442218242
55188428552244814
22811451225544421
22811451225542151
45811241554424288
82811451225545852
45811241554452258
45811241554452458
22811451281124521
45811241581155458
82811451281128152
45811241581158518
22811451281128841
45811241581158418
55188428518852224
55188428518818824
55188428518818424
14588128458858282
45811241581184118
22811451281151411
14588128458482842
14588128458482182
45811241581514228
82811451281215222
45811241581514828
55188428518582244
82811451281215522
22811451281241521
82811451281244142
14588128458411112
55188428518544414
14588128458411242
55188428518544224
45811241581525128
82811451281242582
22811451281242551
82811451281248122
14588128458415842
14588128458415182
55188428518541414
55188428518541424
22811451281248241
82811451281248252
22811451281248811
82811451281248552
82811451281252212
22811451281252251
82811451281252842
82811451281252852
45811241581545458
55188428518521844
82811451281258412
45811241581548518
22811451281255451
45811241581544558
82811451281255882
22811451281255521
22811451281811111
14588128452212412
82811451285545812
45811241584424828
82811451285545852
22811451285545581
22811451285521141
82811451285521582
82811451285524182
14588128428814452
14588128858458212
82811451181281582
82811451181284142
45811241181412188
14588128858281182
82811451181514442
55188428818284424
82811451181514242
82811451181518182
45811241181418148
55188428818281454
45811241181418248
22811451181518241
45811241188481288
22811451188588581
82811451188588552
22811451188585151
45811241188484258
45811241184251118
55188428812458844
55188428812458824
45811241184251228
14588128852148142
22811451185421241
82811451185421282
82811451151128412
55188428828852854
82811451151125122
22811451151125411
45811241141154218
22811451151125441
82811451151125442
82811451151125482
55188428828522884
14588128828422882
55188428828522814
14588128828422852
22811451151255441
14588128828422152
22811451151255221
55188428828522514
45811241141544818
45811241141544828
14588128828588452
55188428828188524
82811451151811842
82811451151811822
45811241141811848
45811241141812118
14588128828581112
22811451151814211
55188428828184524
55188428825254444
82811451152524442
82811451152524482
82811451152524452
45811241145452248
22811451152522441
45811241145455228
14588128824244152
22811451152522211
45811241144524888
82811451155245852
82811451155245522
22811451155221141
55188428822554884
22811451155224151
55188428822554454
22811451155224481
55188428822554544
14588128822441442
45811241144552548
55188428822554154
82811451155224512
82811451155224522
82811451155224582
22811451155222141
22811451155222121
22811451155222551
14588128822445812
22811451155228181
45811241144558218
14588128822445142
14588128822445152
22811451155228241
14588128822445422
45811241144558858
82811451155228882
22811451214588221
22811451212118881
55188428585881114
45811241515118428
22811451212115111
14588128484882112
82811451212115812
14588128484882552
22811451212141841
45811241515121888
55188428585848284
14588128484412142
22811451212245211
82811451212245222
45811241515524588
14588128484412582
55188428585542154
14588128484412522
82811451212245522
14588128484584422
14588128484584512
14588128484584542
45811241515815888
14588128484584282
14588128484584252
82811451212812552
45811241515818158
82811451212818412
14588128484585152
22811451212818241
22811451212818221
14588128484551582
45811241515885258
55188428585115414
45811241515885518
22811451212882281
45811241515885548
55188428585115144
45811241515885858
22811451212882541
14588128484555542
55188428585111284
82811451212888542
45811241515888448
45811241515884158
22811451212885411
14588128484552142
82811451212885452
55188428585112524
45811241515884858
55188428585112124
14588128484552212
82811451212851882
14588128484528522
14588128484528212
14588128484528222
45811241515842118
22811451212854181
14588128484521852
82811451218255142
82811451218255412
82811451218811152
55188428581188414
45811241518811518
22811451218811811
55188428581188114
14588128485588252
22811451218814111
55188428581184484
22811451218814481
45811241518815228
55188428581185554
22811451218548121
22811451218548411
22811451215488451
82811451215488222
82811451215485452
82811451244241842
22811451244244281
82811451244244282
14588128411411422
22811451244244881
14588128411411282
55188428544544214
22811451244242151
14588128411414142
22811451244242481
22811451244242241
14588128411414412
45811241522525588
22811451242155451
14588128414118582
45811241525221828
45811241525221458
22811451242444141
82811451242444582
22811451242442151
45811241525225148
14588128414114112
45811241525225518
82811451242544822
55188428545244284
55188428545245244
14588128414215882
82811451242548422
55188428545241544
82811451242548252
22811451242548821
45811241525428888
22811451242552141
45811241525445148
82811451242552422
45811241525445558
14588128414224582
22811451242552511
14588128414224242
82811451242558112
45811241525448188
55188428545222854
82811451242555422
82811451242555212
22811451242555221
45811241525444548
55188428545222284
55188428545222214
14588128414222222
14588128415888822
82811451248114122
14588128415881852
14588128415881122
82811451248114282
82811451248114882
55188428558241854
45811241551428188
45811241551428228
45811241552142818
45811241552142828
22811451224154851
82811451224152112
82811451224245422
14588128441448142
45811241552551588
22811451224224421
55188428554554544
82811451224222822
45811241552554518
82811451224281182
82811451224281282
45811241552585518
82811451224844182
14588128441511142
45811241552822828
45811241552825848
14588128441514242
22811451224848411
45811241552854248
82811451224825552
14588128441551212
82811451224882182
14588128441251122
45811241552482858
22811451224588151
82811451224588222
22811451224585821
14588128441228282
45811241552442448
45811241552445558
14588128441224212
55188428554222844
55188428554222524
