22811485551124511
55188412222518454
14588128885154542
82811451185441512
22811451244445421
14588128411141212
14588128428422552
55188428528148144
55188428528252224
22811451258882481
55188412212425524
55188412181111584
22811485818852151
82811485818852282
22811485841252581
22811485841255121
14588152518422422
14588152814121282
22811488585252481
22811488282455251
55188411558442854
22811488214551851
22811488454214881
22811488484554241
14588155142125842
22811488425282821
82811488115185182
45811288114184148
45811288114184848
82811425125414822
14588142885815242
82811428825424422
14588145511452152
55188451525545854
14588144252811152
82811422588548142
82811422454455282
45811255241854118
14588144815851122
55188455888848184
22811422111415411
82811422111814212
14588141221252422
45811252442815858
22811424581518481
14588141215542512
82811424222182152
82811424214145182
45811252241422218
14588141814428852
14588148148122552
82811445555842142
45811224444155228
82811445558844182
14588112552211282
82811445885252582
14588112542882282
14588112541221112
45811224515541158
55188442584245814
14588112155822852
22811445488248811
14588112155585282
82811445482542282
45811224252252248
