82811485551151522
82811451125281822
45811241154882218
14588128484444812
14588128411284182
22811451222251551
14588128458158852
82811451258554842
22811451842485821
55188428158258154
55188412242224124
55188412144511144
45811284584122248
55188412518251824
82811485224585812
45811284515444128
14588152481854452
22811485141258811
45811284118144448
82811485141122112
22811485112884141
82811485112455412
82811488554842512
22811488582845811
14588155242522852
82811488524245482
55188411525221454
55188411525151184
82811488288584512
22811488282455541
22811488225858881
82811488241812412
22811488214414851
82811488214418122
45811288248151188
22811488482514481
55188411411884114
14588155151245582
55188411454888444
55188411844845854
55188411884421544
14588154254118882
14588154242581482
55188415251285814
45811285455824228
22811482522852141
45811285451512458
45811285451155858
55188415242282214
14588154211485152
55188415284222554
82811482511458112
82811482852851152
55188415114284554
55188415115551844
82811425444225482
82811425444841182
55188452448552584
22811425155412441
82811425185254452
55188452811225884
55188452818214524
22811425188111851
14588142842142212
82811425144812242
45811254111455418
55188451221885524
14588142881252842
22811428554585221
14588145552115442
55188451118884554
45811258824585288
55188451142222184
22811428848584481
82811428252881842
55188451524282424
45811258584254458
14588145454825842
82811428225454212
82811428228422442
82811428221454212
14588145411544822
14588145411485852
22811428241824111
14588145188822582
45811258142224118
45811258128441128
45811258122824288
55188451848588824
22811422552225281
82811422554825512
22811422554885121
22811422528511851
55188455142548244
22811422528122541
55188455148455814
45811255814222588
82811422815215142
82811422814528422
55188455184425244
45811255811222288
14588144424151452
55188455524285214
22811422254141211
55188455514155584
14588144415142482
82811422215858852
55188455582818824
82811422452118452
45811255155125118
55188455841152144
45811252441258428
45811252485824558
14588141245428152
55188454251284454
82811424528418182
45811252455484218
82811424515848452
22811424518518251
14588141285118112
45811252541888458
55188454555212854
82811424211812282
22811424458851211
45811252242444148
82811424422288422
22811424424222141
55188454882215184
45811252114184288
45811251841181548
82811421284852482
82811421222542812
45811251551845888
22811421244451151
22811421485148211
14588148141544142
55188458445585884
22811421412848281
22811421412584111
45811224444218418
45811224451888228
82811445545585242
82811445544458152
82811445858855452
82811445888228422
55188442114811254
45811224515185288
55188442425184224
55188442425245214
45811224284841288
82811445488815282
45811224281284888
45811224222545558
22811445185441441
45544414184821828
45544414184128128
82255515124455852
14422282811555452
82255515144584182
14422285252185452
82255518581221482
45544418452588448
55522281258125424
22255518224422111
45544418248185148
82255518488241212
14422285158525442
82255518425842482
14422284225858442
14422284242222542
22255512524118441
55522285241218854
22255512544425411
55522285285855214
55522285551454854
22255512452425151
22255512452428211
14422284124555212
55522284251418184
14422281228515212
82255514555851542
45544412844484888
22255514854242411
14422281555421842
22255514452284411
45544412214488558
45544412144858448
82255514154415882
45544412142554888
45544411485222518
22255511515124281
14422288214111582
55522288118554214
14422288545882222
22255511454452151
82255511484824842
45544411215882518
82255511411815212
14422288858551412
45544844428858128
45544844415412258
82255855851545242
82255855854441182
55522122112844254
82255511121514412
55522122528224484
14422522421882482
22255855251825111
45544844584842858
22255855442821581
14422522115881112
14422522858541512
55522122818422544
55522122818548224
14422522842845442
22255855142811221
22255855142852881
14422522884211142
45544841248411518
14422528158842182
45544841255251888
45544884455225828
22255885518258841
14422552285244512
45544884414224888
14422552288845822
14422552415112442
45544884518441528
55522112425214214
14422552128218152
82255885451818842
55522112418148284
45544888484441828
14422555228845252
45544888482244258
14422555251418452
22255888544181481
45544888422181488
55522111281454454
14422555544811542
82255888821415122
45544888242421258
22255888485254281
82255888488411552
45544888224224488
45544888188811588
